9 166
43 38
43 2
48 38
48 166
48 2
34 221
34 42
34 71
34 107
34 225
34 55
34 166
34 181
34 122
34 40
34 28
34 38
34 26
34 215
34 7
34 2
34 289
75 38
75 166
75 2
283 38
283 2
17 38
17 166
17 2
24 38
24 2
208 2
54 38
54 304
54 2
438 196
202 2
219 38
219 2
15 38
15 181
15 2
14 38
14 166
14 2
405 68
155 71
155 38
155 166
155 2
30 38
30 2
82 38
82 2
51 166
51 2
215 38
215 2
215 166
264 38
204 38
221 38
83 38
83 166
83 2
13 38
244 38
244 166
244 2
244 181
68 38
68 166
68 2
184 122
184 38
184 166
184 2
50 38
50 166
50 2
50 181
35 38
35 166
35 2
172 2
6 38
286 38
99 2
42 38
42 2
42 166
57 166
57 2
126 38
387 38
20 38
20 2
228 2
55 38
55 2
55 166
187 2
29 38
105 38
108 2
270 38
346 2
196 304
196 100
196 122
196 38
196 32
196 2
66 38
66 181
66 67
66 2
66 166
284 38
284 2
78 2
89 38
122 71
122 2
122 67
122 22
122 61
122 38
122 181
122 166
28 38
28 181
28 2
28 166
1 38
1 2
45 38
45 181
45 67
45 2
45 166
96 2
40 38
40 2
40 166
79 2
38 164
38 267
38 101
38 59
38 10
38 2
38 166
38 276
38 71
38 254
38 27
38 7
38 109
38 3
38 112
38 26
38 62
38 225
38 22
38 61
38 58
38 64
38 77
38 67
38 278
38 256
38 175
38 84
38 192
38 199
38 31
38 8
38 131
38 181
59 101
59 2
10 166
10 2
2 278
2 164
2 166
2 80
2 31
2 71
2 225
2 32
2 27
2 7
2 112
2 26
2 62
2 22
2 61
2 58
2 64
2 77
2 41
2 67
2 147
2 101
2 175
2 84
2 199
2 18
2 276
2 8
2 181
71 3
71 181
71 166
32 245
32 80
166 67
166 61
166 101
166 58
166 181
166 278
166 18
166 211
166 7
166 31
166 199
166 112
166 64
166 26
166 62
61 181
7 67
7 181
3 181
3 67
64 181
101 181
199 181
31 181
