283 107
283 83
283 15
65 83
89 83
237 83
237 80
34 83
34 290
321 83
321 80
96 83
40 83
40 80
101 83
234 80
234 83
234 62
24 83
7 83
7 80
2 83
2 80
276 83
289 278
289 83
289 20
289 225
289 62
289 80
38 83
225 278
225 267
225 83
225 107
225 270
225 20
225 62
225 14
225 80
290 83
15 278
15 83
15 80
14 83
80 221
80 83
80 22
80 71
80 107
80 216
80 169
80 268
80 294
80 50
80 48
80 270
164 83
112 83
62 221
62 83
62 107
221 20
221 278
221 83
83 48
83 208
83 71
83 294
83 22
83 107
83 11
83 64
83 278
83 41
83 8
83 286
83 42
83 256
83 211
83 20
83 216
83 267
83 199
83 29
83 55
83 270
83 50
107 267
107 20
278 216
267 270
20 216
