78 31
98 31
98 97
98 258
98 16
98 201
97 31
97 200
96 31
96 27
40 31
28 205
28 244
28 83
28 252
28 33
28 55
28 27
28 206
28 31
28 77
28 44
28 177
28 38
28 273
28 199
38 31
199 31
199 77
205 31
242 31
171 31
202 252
202 31
202 30
202 187
32 31
27 315
27 83
27 31
27 18
27 169
27 252
27 15
27 187
27 245
27 77
27 108
27 26
15 31
166 31
207 31
207 201
207 187
201 31
201 26
201 187
18 31
164 31
26 31
173 31
83 31
83 77
252 31
252 77
252 187
169 31
33 31
33 187
64 31
206 31
77 31
77 133
77 137
187 31
187 30
311 31
30 31
42 31
208 31
55 31
188 31
31 181
31 258
31 190
31 200
31 235
