53 359
53 353
63 252
9 252
9 345
9 351
9 54
9 5
9 359
412 351
209 345
209 353
305 345
22 61
22 351
61 148
61 54
61 358
61 18
61 359
61 328
61 34
61 345
61 351
61 353
61 166
61 306
61 5
61 308
61 7
61 2
391 351
328 18
328 359
358 252
358 17
34 17
344 345
344 351
108 351
364 5
364 252
364 351
364 359
364 17
345 18
345 306
345 252
345 351
345 17
345 5
345 308
345 309
345 4
148 351
353 252
353 351
353 17
409 18
17 351
17 54
17 309
17 122
17 359
17 7
17 18
17 166
17 306
17 308
17 181
17 2
17 400
372 252
372 351
308 351
308 309
308 5
308 359
7 5
7 309
2 351
169 351
351 54
351 57
351 18
351 359
351 15
351 166
351 333
351 362
309 18
57 5
18 5
359 5
359 252
15 5
252 333
252 306
5 173
