53 164
53 78
53 203
53 42
53 116
53 55
53 175
53 195
53 75
53 105
53 51
53 112
53 79
53 35
53 26
312 51
347 35
118 203
118 42
118 117
118 75
1 203
40 105
40 51
40 112
40 203
40 55
40 175
79 11
79 119
119 35
119 51
119 42
119 75
76 203
76 51
213 26
213 51
213 55
117 56
117 83
164 261
164 44
112 83
112 11
112 211
112 139
112 62
51 56
51 11
51 220
26 11
26 83
26 139
62 203
62 109
221 203
69 35
83 55
83 42
83 116
83 35
83 175
209 35
398 105
3 35
107 203
11 105
11 203
11 55
11 35
11 109
50 105
50 55
50 203
50 42
44 35
44 55
35 56
35 261
56 203
42 396
42 163
42 55
42 139
109 396
109 211
139 203
139 55
396 105
203 211
256 55
