312 12
312 251
312 209
312 96
312 108
312 252
312 11
312 348
53 227
53 335
53 46
53 376
53 108
53 346
53 82
53 334
53 208
53 314
9 108
262 76
262 251
262 50
262 12
262 40
262 256
262 11
262 210
262 139
356 227
356 205
356 57
356 256
356 173
356 314
403 59
75 227
75 305
75 207
75 209
75 12
75 108
75 4
75 139
255 76
255 276
255 267
255 213
255 324
255 256
255 211
255 11
255 286
255 278
255 263
255 50
255 108
255 234
255 208
255 139
108 12
108 40
108 344
108 118
108 78
108 96
108 17
108 314
108 59
108 76
108 183
108 205
108 213
108 348
108 18
108 349
108 293
108 252
108 207
108 146
108 173
108 4
108 63
108 209
108 305
108 240
108 61
108 11
108 33
108 206
108 50
108 37
108 30
108 139
108 400
108 46
108 57
108 256
108 211
108 20
108 175
108 376
108 307
108 227
108 251
108 306
108 346
108 62
108 310
17 227
17 251
17 205
17 57
17 96
17 319
17 346
17 173
17 434
17 146
234 76
234 221
234 250
234 256
234 240
234 11
234 286
234 268
234 118
234 50
234 37
234 40
234 62
234 139
334 305
334 209
334 12
334 4
208 305
208 20
208 30
208 62
47 205
47 256
47 96
76 221
76 250
76 240
76 252
76 65
76 11
76 206
76 118
76 224
76 50
76 12
76 40
76 213
76 261
76 294
76 139
76 46
76 147
76 211
76 18
76 210
76 163
76 310
213 251
213 205
213 96
213 57
213 11
213 227
213 261
213 50
213 12
213 256
213 59
213 173
213 147
348 147
348 12
348 293
348 4
348 139
401 207
401 261
293 205
293 96
293 57
293 11
293 314
293 227
293 118
293 12
293 256
293 173
293 434
210 286
210 205
210 265
210 251
210 57
210 211
210 20
210 11
210 289
210 118
210 12
210 40
210 135
210 62
210 139
282 12
268 286
268 118
268 12
268 240
268 11
277 11
277 224
207 183
207 12
207 211
207 252
207 33
207 280
207 50
207 96
207 82
207 143
207 35
207 146
207 310
207 30
207 139
431 12
30 261
30 50
30 12
30 11
30 139
95 20
95 139
82 261
82 224
82 4
35 12
265 12
265 251
265 205
265 50
265 96
265 40
265 240
265 11
265 211
365 209
173 32
173 147
173 305
173 240
173 61
173 344
173 118
173 224
173 50
173 12
173 4
173 261
173 209
220 209
220 205
220 12
220 96
220 240
220 18
220 11
220 206
220 196
221 278
221 118
221 250
221 256
221 211
221 20
221 11
221 267
209 251
209 205
209 78
209 57
209 49
209 335
209 11
209 227
209 362
209 434
209 96
209 72
209 314
209 146
449 12
240 78
240 88
240 96
240 11
240 206
240 319
240 50
240 12
240 366
240 143
240 261
240 205
240 147
240 57
240 211
240 18
240 20
240 376
240 227
240 251
240 256
391 12
33 12
33 96
33 11
33 261
33 4
305 227
305 205
305 427
305 57
305 96
305 37
50 12
50 61
50 11
50 118
50 224
50 37
50 303
50 59
50 139
50 276
50 205
50 147
50 57
50 20
50 275
50 252
50 256
310 227
310 261
310 12
310 18
72 139
347 11
347 261
347 256
294 276
294 256
294 20
294 11
294 62
294 139
146 252
146 118
146 12
146 143
146 163
286 224
286 12
286 139
99 12
46 118
46 12
46 96
46 139
261 78
261 37
261 252
261 11
261 206
261 118
261 224
261 12
261 139
261 183
261 205
261 18
261 227
261 62
57 61
57 40
57 344
57 224
57 12
57 139
57 205
57 211
57 18
57 32
57 196
57 227
57 251
57 4
319 344
20 205
20 37
20 211
20 216
20 227
20 289
20 118
20 224
20 12
20 139
20 147
216 227
216 118
216 256
216 12
216 11
188 196
314 12
314 344
314 4
376 205
376 12
85 196
434 12
116 11
116 12
270 211
270 12
270 139
163 227
163 118
163 12
163 18
163 205
346 12
62 40
62 206
62 227
62 289
62 118
62 224
62 12
62 139
275 12
275 40
78 224
78 12
78 143
78 11
65 11
65 12
335 139
303 139
448 227
344 205
344 224
344 362
344 96
344 40
135 205
135 11
135 12
135 139
118 11
118 278
118 40
118 276
118 147
118 256
118 18
118 227
118 427
118 251
362 12
263 12
96 49
96 40
96 280
96 224
96 37
96 211
96 18
96 12
96 4
40 37
40 18
40 11
40 224
40 329
40 139
40 147
79 11
79 12
79 196
119 205
59 63
59 12
59 421
59 147
59 139
276 12
276 289
205 250
205 61
205 11
205 224
205 12
205 143
205 139
205 18
205 196
205 252
205 4
430 12
289 256
289 12
289 11
18 196
18 197
18 139
349 224
349 12
32 256
32 11
32 12
196 12
196 37
196 227
12 183
12 333
12 194
12 278
12 143
12 51
12 197
12 307
12 250
12 423
12 49
12 11
12 206
12 256
12 224
12 81
12 37
12 147
12 211
12 267
12 175
12 84
12 288
12 227
12 251
12 280
12 400
12 324
143 256
143 11
197 4
4 11
4 211
4 227
4 333
250 227
423 147
11 206
11 224
11 37
11 147
11 139
11 211
11 227
11 251
206 227
206 256
278 227
278 37
278 139
224 37
37 251
37 211
139 256
139 147
139 211
139 267
139 227
139 251
139 329
147 211
256 211
256 267
256 227
175 227
