53 369
53 284
53 402
53 15
53 96
53 22
53 265
53 181
53 204
53 80
318 101
318 408
37 381
37 15
37 96
388 101
388 360
388 95
34 10
76 227
76 268
76 284
76 1
76 108
76 360
76 22
76 14
76 80
360 394
360 440
360 283
360 46
360 57
360 22
360 61
360 15
360 241
360 298
360 282
360 381
360 392
360 40
360 101
360 386
360 199
360 2
360 95
54 38
54 384
54 15
54 199
194 422
194 229
219 38
15 57
15 101
15 244
15 386
15 199
15 2
14 267
14 64
268 192
268 62
431 199
265 386
215 442
173 422
392 18
239 101
239 436
239 282
239 88
239 284
414 163
414 386
33 26
33 42
436 445
302 280
302 358
353 101
353 328
397 384
397 283
397 62
325 384
402 101
402 199
402 62
42 62
358 66
364 3
252 163
383 280
383 284
383 66
383 381
383 64
383 62
204 284
204 62
108 284
108 386
270 26
62 440
62 256
62 166
62 227
62 66
62 101
62 80
62 181
284 31
284 18
284 369
284 199
284 2
283 101
283 227
283 199
88 1
394 181
229 26
52 101
52 80
369 282
369 101
369 386
369 199
369 4
96 40
96 4
40 101
40 298
101 316
101 241
101 59
101 199
101 95
101 57
101 256
101 22
101 80
101 282
101 26
101 386
38 66
38 199
59 18
59 22
350 64
276 166
384 66
384 67
384 3
384 181
18 166
166 165
80 256
80 22
80 241
3 386
3 440
282 66
282 22
282 192
26 199
307 199
4 386
49 22
22 267
22 440
61 57
328 199
381 57
77 31
57 199
199 386
66 386
