53 37
53 252
53 33
53 358
53 34
53 21
53 41
53 96
53 40
53 101
53 56
53 308
53 199
53 95
53 205
53 256
53 57
53 18
53 36
53 55
53 15
53 173
53 355
53 66
53 306
53 7
53 215
53 181
53 50
9 305
9 21
9 57
9 96
9 40
9 205
9 7
9 173
37 252
37 34
37 12
403 58
403 7
34 221
34 234
34 65
34 22
34 252
34 107
34 58
34 33
34 241
34 289
34 50
34 96
34 48
34 83
34 7
34 294
34 95
34 147
34 18
34 215
34 216
34 27
34 15
34 14
34 8
34 26
34 40
34 225
88 252
287 12
208 61
208 252
208 83
76 169
76 58
76 305
303 252
219 7
15 83
15 209
15 305
15 61
15 33
15 68
15 252
15 18
15 21
15 50
15 12
15 40
15 26
14 252
14 83
14 61
14 169
14 33
30 18
30 252
30 7
30 209
72 252
215 83
215 50
215 40
215 252
215 271
215 33
215 7
215 209
173 305
173 21
173 209
173 12
173 252
433 7
83 289
83 252
83 33
83 166
83 50
83 199
83 62
209 205
209 57
209 22
209 359
209 225
209 33
209 199
209 21
209 85
209 353
209 50
209 96
209 40
209 101
209 7
355 18
355 61
355 305
355 252
65 252
65 33
169 256
169 7
169 225
169 55
169 33
169 80
169 101
169 8
169 199
169 62
33 234
33 305
33 22
33 252
33 241
33 68
33 40
33 199
33 57
33 55
33 27
33 62
33 50
68 252
68 50
68 40
184 12
21 205
21 12
21 57
21 18
21 7
21 305
21 252
21 96
21 40
21 308
50 305
50 18
50 58
50 252
50 48
50 8
50 95
50 7
50 62
56 55
56 40
57 252
57 12
57 61
57 305
57 308
358 252
358 305
20 252
55 252
314 252
314 305
85 252
228 252
87 252
234 12
229 252
52 252
60 61
60 252
60 12
319 252
1 252
96 305
96 12
96 252
96 308
96 7
40 305
40 252
40 58
40 12
40 7
101 252
101 305
101 61
101 199
38 18
38 61
38 252
38 12
119 252
59 252
199 252
199 12
199 22
199 305
199 7
350 252
205 252
205 12
205 61
205 305
205 308
70 12
18 305
18 252
18 58
18 12
18 7
254 252
254 12
225 12
225 252
225 62
271 252
27 252
27 12
27 61
27 7
166 252
80 252
252 352
252 66
252 165
252 112
252 26
252 62
252 244
252 3
252 58
252 64
252 241
252 77
252 308
252 95
252 147
252 211
252 8
252 256
252 181
7 305
7 77
7 308
7 147
7 326
7 8
7 26
7 307
7 62
26 305
26 12
63 8
63 58
305 308
305 256
305 8
61 181
61 66
58 326
58 147
58 12
58 8
58 95
12 308
