266 187
97 357
97 285
97 190
97 98
97 152
97 171
97 189
97 198
97 158
97 167
97 200
98 230
98 189
98 167
98 367
98 327
98 149
98 190
98 156
98 168
98 220
98 134
153 285
153 214
153 337
153 152
153 373
217 202
217 187
217 242
217 201
149 230
149 201
149 223
149 156
223 231
223 31
223 230
223 201
291 31
291 246
291 292
291 187
230 201
230 231
230 257
230 156
214 285
373 337
373 379
373 152
31 269
31 246
31 244
31 292
202 306
202 220
202 235
257 201
257 231
257 156
27 201
27 220
367 168
201 231
201 156
201 220
242 187
269 292
269 187
158 200
168 134
337 285
220 187
220 213
357 285
152 171
152 379
152 200
189 190
189 167
198 285
167 134
200 171
200 285
171 379
188 187
187 306
187 235
