25 29
25 24
67 24
264 24
34 24
94 13
94 29
94 24
24 78
24 65
24 16
24 122
24 219
24 232
24 368
24 212
24 101
24 45
24 89
24 40
24 28
24 38
24 191
24 7
24 2
24 23
24 272
24 54
24 70
24 71
24 174
24 27
24 15
24 14
24 199
24 61
24 164
24 160
24 47
24 193
24 26
24 68
24 150
24 62
24 159
24 83
24 112
24 74
24 22
24 3
24 387
24 128
24 58
24 64
24 73
24 380
24 222
24 77
24 41
24 48
24 166
24 124
24 218
24 6
24 181
24 157
24 42
24 60
24 162
24 20
24 55
24 185
24 92
24 31
24 29
24 66
24 96
24 108
24 8
24 253
24 244
24 374
24 145
24 154
24 50
23 29
23 36
174 29
13 29
13 6
124 29
124 36
6 29
6 36
29 159
29 232
29 12
29 74
29 22
29 128
29 60
29 73
29 222
29 218
29 16
29 160
29 272
29 185
29 36
29 27
29 368
29 374
60 36
28 16
36 159
36 16
36 154
22 157
