283 122
283 166
65 38
65 166
16 166
122 384
122 54
122 67
122 57
122 3
122 216
122 166
122 241
122 225
122 85
122 34
122 96
122 40
122 181
122 62
210 57
43 45
43 12
43 72
43 3
43 38
43 67
43 173
43 64
40 181
40 67
40 57
40 166
93 38
93 166
34 166
34 67
52 66
250 67
250 64
250 181
45 54
45 252
45 107
45 91
45 166
45 352
45 64
45 67
45 72
45 83
45 88
45 408
45 181
96 54
96 57
96 67
96 3
96 181
96 166
17 54
28 67
38 205
38 181
38 54
38 216
38 57
38 3
38 384
38 64
38 10
38 241
38 352
38 85
38 166
38 67
38 72
38 225
287 57
61 131
10 85
2 205
2 57
2 67
2 107
2 216
2 181
2 225
243 67
243 57
276 166
276 67
384 166
384 67
54 66
54 57
54 252
54 64
289 3
289 66
289 155
171 166
225 166
27 166
27 67
15 57
166 83
166 12
166 3
166 184
166 77
166 64
166 37
166 85
166 7
166 378
166 205
166 216
166 57
166 194
166 181
166 199
166 66
166 155
166 67
166 72
166 62
166 173
166 204
12 131
352 72
66 57
66 67
66 72
66 216
66 181
155 72
155 107
68 72
68 67
68 57
72 3
72 67
72 131
72 181
265 57
37 57
173 67
173 57
62 67
62 181
91 67
83 181
83 67
3 67
3 57
3 211
3 107
3 377
3 181
169 67
303 57
205 67
205 57
64 67
64 181
184 57
77 67
41 67
67 131
67 88
67 99
67 216
67 57
67 194
67 84
67 31
67 244
147 57
57 50
57 211
57 181
57 275
181 194
