97 31
97 418
97 98
97 200
44 28
122 27
279 28
217 31
217 311
217 201
40 27
71 28
71 31
71 244
71 27
71 202
34 27
75 27
28 67
28 176
28 61
28 177
28 244
28 260
28 77
28 101
28 38
28 199
28 2
28 301
28 22
28 27
28 15
28 166
28 80
28 31
28 371
28 66
28 295
28 336
28 108
28 247
28 7
28 273
108 27
201 31
201 98
201 187
201 202
201 311
14 27
17 27
79 27
38 31
38 27
7 31
7 27
2 31
2 244
2 27
98 31
69 27
205 31
54 27
31 22
31 27
31 242
31 187
31 311
31 199
31 171
31 188
31 15
31 166
31 202
31 66
31 190
31 35
31 200
31 235
202 187
202 306
202 27
176 177
27 58
27 83
27 22
27 61
27 186
27 77
27 166
27 67
27 199
27 306
27 280
27 42
27 187
27 20
27 101
27 175
27 15
27 80
27 192
27 66
27 35
27 244
27 245
27 181
27 235
311 187
